image: ./map_0.03.yaml.pgm
resolution: 0.030000
origin: [-6.320000, -5.02000000, 0.000000]
negate: 0
occupied_thresh: 0.65
free_thresh: 0.196

